20 150
20 180
20 210
20 240
20 270
20 300
20 330
20 360
20 390
20 420
20 450
20 480
20 510
50 150
50 180
50 210
50 240
50 270
50 300
50 330
50 360
50 390
50 420
50 450
50 480
50 510
80 150
80 180
80 210
80 240
80 270
80 300
80 330
80 360
80 390
80 420
80 450
80 480
80 510
110 150
110 180
110 210
110 240
110 270
110 300
110 330
110 360
110 390
110 420
110 450
110 480
110 510
140 150
140 180
140 210
140 240
140 270
140 300
140 330
140 360
140 390
140 420
140 450
140 480
140 510
170 150
170 180
170 210
170 240
170 270
170 300
170 330
170 360
170 390
170 420
170 450
170 480
170 510
200 150
200 180
200 210
200 240
200 270
200 300
200 330
200 360
200 390
200 420
200 450
200 480
200 510
230 150
230 180
230 210
230 240
230 270
230 300
230 330
230 360
230 390
230 420
230 450
230 480
230 510
260 150
260 180
260 210
260 240
260 270
260 300
260 330
260 360
260 390
260 420
260 450
260 480
260 510
290 150
290 180
290 210
290 240
290 270
290 300
290 330
290 360
290 390
290 420
290 450
290 480
290 510
320 150
320 180
320 210
320 240
320 270
320 300
320 330
320 360
320 390
320 420
320 450
320 480
320 510
350 150
350 180
350 210
350 240
350 270
350 300
350 330
350 360
350 390
350 420
350 450
350 480
350 510
380 150
380 180
380 210
380 240
380 270
380 300
380 330
380 360
380 390
380 420
380 450
380 480
380 510
410 150
410 180
410 210
410 240
410 270
410 300
410 330
410 360
410 390
410 420
410 450
410 480
410 510
440 150
440 180
440 210
440 240
440 270
440 300
440 330
440 360
440 390
440 420
440 450
440 480
440 510
470 150
470 180
470 210
470 240
470 270
470 300
470 330
470 360
470 390
470 420
470 450
470 480
470 510
500 150
500 180
500 210
500 240
500 270
500 300
500 330
500 360
500 390
500 420
500 450
500 480
500 510
530 150
530 180
530 210
530 240
530 270
530 300
530 330
530 360
530 390
530 420
530 450
530 480
530 510
560 150
560 180
560 210
560 240
560 270
560 300
560 330
560 360
560 390
560 420
560 450
560 480
560 510
590 150
590 180
590 210
590 240
590 270
590 300
590 330
590 360
590 390
590 420
590 450
590 480
590 510
620 150
620 180
620 210
620 240
620 270
620 300
620 330
620 360
620 390
620 420
620 450
620 480
620 510
650 150
650 180
650 210
650 240
650 270
650 300
650 330
650 360
650 390
650 420
650 450
650 480
650 510
680 150
680 180
680 210
680 240
680 270
680 300
680 330
680 360
680 390
680 420
680 450
680 480
680 510
710 150
710 180
710 210
710 240
710 270
710 300
710 330
710 360
710 390
710 420
710 450
710 480
740 150
740 180
740 210 // Test
740 240
740 270
740 300
740 330
740 360
740 390
740 450
740 480
740 510